0 0 1
1.00000000 -0.00000000 0.00000000 -0.00000000
-0.00000000 1.00000000 -0.00000000 0.00000000
0.00000000 -0.00000000 1.00000000 -0.00000000
-0.00000000 0.00000000 -0.00000000 1.00000000
1 1 2
0.99998848 -0.00341272 -0.00337603 -0.00083754
0.00343970 0.99996194 0.00801765 -0.04111793
0.00334854 -0.00802917 0.99996216 0.04900064
-0.00000000 -0.00000000 -0.00000000 1.00000000
2 2 3
0.99863872 -0.04099337 0.03225278 -0.06128287
0.04061136 0.99909793 0.01241173 -0.08412458
-0.03273248 -0.01108500 0.99940268 0.08735100
0.00000000 -0.00000000 -0.00000000 1.00000000
3 3 4
0.99948184 0.02600947 -0.01896204 -0.07965157
-0.02584427 0.99962631 0.00890563 -0.19017402
0.01918658 -0.00841096 0.99978054 0.17572387
-0.00000000 -0.00000000 -0.00000000 1.00000000
4 4 5
0.99124012 -0.09780053 0.08875851 -0.21646448
0.09828627 0.99515757 -0.00110812 -0.21883598
-0.08822033 0.00982215 0.99605256 0.21416648
-0.00000000 -0.00000000 -0.00000000 1.00000000
5 5 6
0.98446679 -0.13368933 0.11380821 -0.22532224
0.13059683 0.99084406 0.03424215 -0.33631216
-0.11734399 -0.01884727 0.99291247 0.28938558
0.00000000 -0.00000000 -0.00000000 1.00000000
6 6 7
0.99897293 -0.03108407 0.03296768 -0.18758624
0.03073400 0.99946626 0.01107279 -0.24536309
-0.03329427 -0.01004819 0.99939508 0.22966474
0.00000000 -0.00000000 -0.00000000 1.00000000
7 7 8
0.99794534 -0.04890187 0.04139693 -0.24680434
0.04833065 0.99872337 0.01468929 -0.29863987
-0.04206241 -0.01265837 0.99903479 0.27326417
0.00000000 -0.00000000 -0.00000000 1.00000000
8 8 9
0.99749149 0.05273155 -0.04722405 -0.13636186
-0.05184257 0.99845785 0.01985647 -0.33088122
0.04819829 -0.01735844 0.99868694 0.29828243
-0.00000000 -0.00000000 -0.00000000 1.00000000
9 9 10
0.99981413 0.01113181 -0.01574140 -0.18546916
-0.01124124 0.99991314 -0.00688056 -0.34599815
0.01566344 0.00705624 0.99985242 0.34946230
-0.00000000 0.00000000 -0.00000000 1.00000000
10 10 11
0.97871590 -0.15920153 0.12949924 -0.37559703
0.15527455 0.98706358 0.03994124 -0.47561558
-0.13418269 -0.01898319 0.99077477 0.41707439
0.00000000 -0.00000000 -0.00000000 1.00000000
11 11 12
0.88863621 -0.35081064 0.29539395 -0.46249171
0.34767854 0.93536384 0.06491618 -0.52839578
-0.29907411 0.04501527 0.95316751 0.47838440
-0.00000000 -0.00000000 -0.00000000 1.00000000
12 12 13
0.86963757 -0.37341907 0.32293761 -0.51840730
0.36561122 0.92669276 0.08699976 -0.51859955
-0.33175132 0.04241135 0.94241304 0.46755843
-0.00000000 -0.00000000 -0.00000000 1.00000000
13 13 14
0.89924923 -0.33901137 0.27644549 -0.47112950
0.32953635 0.94061450 0.08154847 -0.52376475
-0.28767449 0.01776644 0.95756344 0.45556823
-0.00000000 -0.00000000 -0.00000000 1.00000000
14 14 15
0.81234245 -0.44616875 0.37554385 -0.53517383
0.43299536 0.89281267 0.12409896 -0.59708398
-0.39065938 0.06179789 0.91845864 0.52665009
-0.00000000 -0.00000000 -0.00000000 1.00000000
15 15 16
0.77264659 -0.48334205 0.41157953 -0.55524459
0.47256772 0.87081387 0.13550998 -0.56808364
-0.42390683 0.08979788 0.90124322 0.50951993
-0.00000000 -0.00000000 -0.00000000 1.00000000
16 16 17
0.76462087 -0.48811593 0.42082986 -0.55190888
0.47646062 0.86783335 0.14089198 -0.59323023
-0.43398181 0.09277991 0.89613151 0.53166036
-0.00000000 -0.00000000 -0.00000000 1.00000000
17 17 18
0.62672114 -0.58602564 0.51360935 -0.60115939
0.57523671 0.79255569 0.20238133 -0.63533217
-0.52566466 0.16861029 0.83381487 0.57811137
-0.00000000 -0.00000000 -0.00000000 1.00000000
18 18 19
0.77190028 -0.46765524 0.43066059 -0.56854709
0.46032399 0.87836503 0.12875056 -0.55846134
-0.43848807 0.09886081 0.89328313 0.51662281
-0.00000000 -0.00000000 -0.00000000 1.00000000
19 19 20
0.76865606 -0.47831630 0.42471329 -0.47452319
0.46673453 0.87341518 0.13894172 -0.60191222
-0.43740912 0.09142997 0.89460260 0.54174877
-0.00000000 -0.00000000 -0.00000000 1.00000000
20 20 21
0.71238102 -0.51685213 0.47473905 -0.57652292
0.50796020 0.84650920 0.15936940 -0.59813717
-0.48424139 0.12761681 0.86557740 0.55943625
-0.00000000 -0.00000000 -0.00000000 1.00000000
21 21 22
0.53137420 -0.62992612 0.56642259 -0.64033322
0.62322674 0.74356853 0.24226900 -0.65114264
-0.57378558 0.22427421 0.78769993 0.61302272
-0.00000000 -0.00000000 -0.00000000 1.00000000
22 22 23
0.72699367 -0.49792185 0.47281502 -0.57221501
0.48898550 0.85884195 0.15258992 -0.55537171
-0.48205123 0.12026778 0.86784922 0.52904287
-0.00000000 -0.00000000 -0.00000000 1.00000000
23 23 24
0.66377298 -0.55388508 0.50260993 -0.57256702
0.54078893 0.81963636 0.18905968 -0.61818057
-0.51667472 0.14631318 0.84358739 0.57592744
-0.00000000 -0.00000000 -0.00000000 1.00000000
24 24 25
0.63960734 -0.55334471 0.53358418 -0.60774786
0.54418030 0.81620177 0.19411972 -0.62728940
-0.54292748 0.16620560 0.82316794 0.60801954
-0.00000000 -0.00000000 -0.00000000 1.00000000
25 25 26
0.70343116 -0.50423396 0.50093185 -0.58589475
0.49854602 0.85236127 0.15789912 -0.59235062
-0.50659301 0.13866642 0.85096131 0.57620995
-0.00000000 -0.00000000 -0.00000000 1.00000000
26 26 27
0.76008367 -0.44814258 0.47057523 -0.57681877
0.44744512 0.88607295 0.12110983 -0.56015727
-0.47123846 0.11850299 0.87400879 0.55534819
-0.00000000 -0.00000000 -0.00000000 1.00000000
27 27 28
0.66688709 -0.51784797 0.53581256 -0.59286059
0.51310898 0.84055484 0.17374334 -0.61622105
-0.54035247 0.15906304 0.82626761 0.60260164
-0.00000000 -0.00000000 -0.00000000 1.00000000
28 28 29
0.68482306 -0.49872980 0.53130591 -0.60100358
0.49589022 0.85319576 0.16170927 -0.61327755
-0.53395718 0.15272717 0.83160336 0.60353588
-0.00000000 -0.00000000 -0.00000000 1.00000000
29 29 30
0.62229292 -0.53051146 0.57559457 -0.61568650
0.53244058 0.82587918 0.18555485 -0.65424739
-0.57381055 0.19100044 0.79640460 0.64855878
-0.00000000 -0.00000000 -0.00000000 1.00000000
30 30 31
0.57876374 -0.54055054 0.61060432 -0.63311447
0.55096820 0.81120703 0.19590098 -0.64567887
-0.60122090 0.22304318 0.76732338 0.65901727
-0.00000000 -0.00000000 -0.00000000 1.00000000
31 31 32
0.40030125 -0.61964285 0.67513084 -0.69896477
0.62768027 0.72217555 0.29065436 -0.69912824
-0.66766488 0.30741700 0.67802536 0.71182515
-0.00000000 -0.00000000 -0.00000000 1.00000000
32 32 33
0.51337827 -0.56758457 0.64365403 -0.68058169
0.57859171 0.78285374 0.22884855 -0.65194041
-0.63377787 0.25492701 0.73029982 0.67593495
-0.00000000 -0.00000000 -0.00000000 1.00000000
33 33 34
0.62642045 -0.50533636 0.59349186 -0.63858449
0.52245246 0.83724511 0.16144365 -0.60012573
-0.57848150 0.20893968 0.78848168 0.64163647
-0.00000000 -0.00000000 -0.00000000 1.00000000
34 34 35
0.64739329 -0.49406157 0.58033189 -0.63320027
0.51267505 0.84571711 0.14807722 -0.59596755
-0.56395587 0.20165748 0.80080462 0.65234712
-0.00000000 -0.00000000 -0.00000000 1.00000000
35 35 36
0.57202085 -0.53864030 0.61859419 -0.65124019
0.56001980 0.80749760 0.18527129 -0.61873607
-0.59930791 0.24044595 0.76355470 0.69535229
-0.00000000 -0.00000000 -0.00000000 1.00000000
36 36 37
0.53935274 -0.55523118 0.63310107 -0.66932902
0.57280597 0.79299879 0.20747586 -0.61839433
-0.61724545 0.25074140 0.74574580 0.70774608
-0.00000000 -0.00000000 -0.00000000 1.00000000
37 37 38
0.61665541 -0.50384003 0.60488126 -0.64967367
0.53106422 0.83343750 0.15281603 -0.56733476
-0.58112555 0.22699596 0.78151515 0.68566784
-0.00000000 -0.00000000 -0.00000000 1.00000000
38 38 39
0.60948353 -0.51741555 0.60067543 -0.64441261
0.54442032 0.82392787 0.15731937 -0.56875903
-0.57631272 0.23113635 0.78386200 0.68129362
-0.00000000 -0.00000000 -0.00000000 1.00000000
39 39 40
0.47541256 -0.56848469 0.67142242 -0.66987994
0.60541107 0.76514325 0.21916485 -0.61986006
-0.63832619 0.30229284 0.70792564 0.75142006
-0.00000000 -0.00000000 -0.00000000 1.00000000
40 40 41
0.56829011 -0.51842291 0.63897108 -0.65812670
0.56311875 0.81125264 0.15737354 -0.56314791
-0.59995302 0.27038277 0.75296051 0.69423562
-0.00000000 -0.00000000 -0.00000000 1.00000000
41 41 42
0.55592041 -0.51504952 0.65243887 -0.65416024
0.56538044 0.80966741 0.15742822 -0.57148207
-0.60934182 0.28135862 0.74130957 0.70329749
-0.00000000 -0.00000000 -0.00000000 1.00000000
42 42 43
0.44089349 -0.55962756 0.70173352 -0.67911049
0.60971476 0.76048593 0.22340335 -0.60815938
-0.65868114 0.32936020 0.67650648 0.74271667
-0.00000000 -0.00000000 -0.00000000 1.00000000
43 43 44
0.53615061 -0.50934133 0.67313738 -0.65417887
0.56965790 0.80679629 0.15674700 -0.55798968
-0.62292246 0.29941803 0.72271464 0.71498813
-0.00000000 -0.00000000 -0.00000000 1.00000000
44 44 45
0.52744783 -0.50934924 0.67997216 -0.65954617
0.56909650 0.80607999 0.16237064 -0.55539215
-0.63081532 0.30132774 0.71503401 0.72417282
-0.00000000 -0.00000000 -0.00000000 1.00000000
45 45 46
0.48397749 -0.53392805 0.69331567 -0.66914997
0.59185911 0.78330905 0.19007819 -0.56991645
-0.64456852 0.31835163 0.69511413 0.74388003
-0.00000000 -0.00000000 -0.00000000 1.00000000
46 46 47
0.48842467 -0.52328577 0.69829317 -0.68110516
0.58865491 0.78831543 0.17900887 -0.54857874
-0.64414808 0.32362135 0.69306744 0.74869051
-0.00000000 -0.00000000 -0.00000000 1.00000000
47 47 48
0.51784449 -0.51472420 0.68329794 -0.67091671
0.57782099 0.79945205 0.16431471 -0.53712520
-0.63084070 0.30973442 0.71141029 0.74337478
-0.00000000 -0.00000000 -0.00000000 1.00000000
48 48 49
0.45482876 -0.53817559 0.70957582 -0.69108598
0.60095881 0.77348022 0.20143699 -0.55981672
-0.65725133 0.33480650 0.67522241 0.76995817
-0.00000000 -0.00000000 -0.00000000 1.00000000
49 49 50
0.48910376 -0.51782894 0.70187656 -0.69270120
0.58650418 0.79086426 0.17477575 -0.53757864
-0.64559303 0.32617006 0.69052353 0.75828947
-0.00000000 -0.00000000 -0.00000000 1.00000000
50 50 51
0.47473560 -0.51470974 0.71393276 -0.68883617
0.58821840 0.78894812 0.17765127 -0.55089694
-0.65469475 0.33561100 0.67730350 0.77412649
-0.00000000 -0.00000000 -0.00000000 1.00000000
51 51 52
0.43258564 -0.51706268 0.73859045 -0.70526752
0.59963999 0.77675376 0.19257592 -0.56780966
-0.67327672 0.35958279 0.64606398 0.79521192
-0.00000000 -0.00000000 -0.00000000 1.00000000
52 52 53
0.46059038 -0.49128471 0.73925356 -0.70984155
0.58510657 0.79433612 0.16334143 -0.54324524
-0.66746296 0.35730863 0.65331749 0.77708099
-0.00000000 -0.00000000 -0.00000000 1.00000000
53 53 54
0.47540628 -0.47409134 0.74109802 -0.70910316
0.57560299 0.80467691 0.14552067 -0.53140670
-0.66533455 0.35739679 0.65543685 0.77759557
-0.00000000 -0.00000000 -0.00000000 1.00000000
54 54 55
0.42425933 -0.48866744 0.76237009 -0.71926541
0.59465618 0.78527367 0.17242182 -0.54205278
-0.68292609 0.38019652 0.62374880 0.79826885
-0.00000000 -0.00000000 -0.00000000 1.00000000
55 55 56
0.38346667 -0.49987944 0.77657830 -0.72449501
0.60842545 0.76933606 0.19478319 -0.55520043
-0.69481780 0.39779714 0.59915411 0.81346310
-0.00000000 -0.00000000 -0.00000000 1.00000000
56 56 57
0.37274673 -0.49433966 0.78529496 -0.72863779
0.61320904 0.76638825 0.19137325 -0.55466468
-0.69644422 0.41021622 0.58880226 0.82404336
-0.00000000 -0.00000000 -0.00000000 1.00000000
57 57 58
0.38188604 -0.48758083 0.78512928 -0.72407118
0.61388052 0.76886264 0.17888810 -0.53469570
-0.69087898 0.41366070 0.59293428 0.81133433
-0.00000000 -0.00000000 -0.00000000 1.00000000
58 58 59
0.38969577 -0.47453418 0.78927468 -0.72447897
0.61153216 0.77414244 0.16349892 -0.52382735
-0.68859685 0.41895201 0.59187295 0.81713125
-0.00000000 -0.00000000 -0.00000000 1.00000000
59 59 60
0.38293880 -0.47275605 0.79363694 -0.73130743
0.61238806 0.77313419 0.16505875 -0.51681563
-0.69162038 0.42280639 0.58557323 0.81752862
-0.00000000 -0.00000000 -0.00000000 1.00000000
60 60 61
0.34829160 -0.47509179 0.80807225 -0.73462984
0.61701841 0.76515581 0.18391538 -0.52311637
-0.70567786 0.43453927 0.55963772 0.83610388
-0.00000000 -0.00000000 -0.00000000 1.00000000
61 61 62
0.35304673 -0.47313516 0.80715620 -0.73982912
0.61302500 0.76870545 0.18246172 -0.51234027
-0.70679442 0.43038942 0.56143263 0.83167713
-0.00000000 -0.00000000 -0.00000000 1.00000000
62 62 63
0.34045304 -0.47448927 0.81175837 -0.74190269
0.61809621 0.76352115 0.18706289 -0.51339099
-0.70855403 0.43805864 0.55322312 0.83713842
-0.00000000 -0.00000000 -0.00000000 1.00000000
63 63 64
0.29397439 -0.48452536 0.82390184 -0.74340660
0.62284503 0.75095412 0.21939000 -0.54112874
-0.72501250 0.44866813 0.52254549 0.86333766
-0.00000000 -0.00000000 -0.00000000 1.00000000
64 64 65
0.25644095 -0.48451888 0.83634890 -0.76300137
0.63111209 0.73930528 0.23478763 -0.54276961
-0.73207620 0.46762074 0.49537388 0.88038592
-0.00000000 -0.00000000 -0.00000000 1.00000000
65 65 66
0.26292504 -0.48780867 0.83241403 -0.75762965
0.63243508 0.73869901 0.23313010 -0.53775831
-0.72862630 0.46515209 0.50272979 0.86538429
-0.00000000 -0.00000000 -0.00000000 1.00000000
66 66 67
0.23889482 -0.48214176 0.84289299 -0.77338948
0.63893085 0.73169968 0.23745091 -0.53658368
-0.73122953 0.48182454 0.48285451 0.87554419
-0.00000000 -0.00000000 -0.00000000 1.00000000
67 67 68
0.20979077 -0.48761505 0.84747826 -0.77066882
0.63993691 0.72380567 0.25804282 -0.55012797
-0.73923513 0.48819762 0.46389062 0.88713195
-0.00000000 -0.00000000 -0.00000000 1.00000000
68 68 69
0.21572739 -0.48331153 0.84845251 -0.78154699
0.64480801 0.72302265 0.24791303 -0.53081199
-0.73326961 0.49360734 0.46761893 0.87443921
-0.00000000 -0.00000000 -0.00000000 1.00000000
69 69 70
0.19973786 -0.48290502 0.85258872 -0.79041590
0.65135419 0.71547576 0.25265024 -0.53038453
-0.73201264 0.50487342 0.45744981 0.88034615
-0.00000000 -0.00000000 -0.00000000 1.00000000
70 70 71
0.17190453 -0.48572611 0.85704083 -0.80041818
0.65796045 0.70410157 0.26707496 -0.53712656
-0.73316907 0.51798757 0.44062682 0.88869762
-0.00000000 -0.00000000 -0.00000000 1.00000000
71 71 72
0.14287652 -0.48729068 0.86147205 -0.80368705
0.66203111 0.69407307 0.28280272 -0.54967618
-0.73573168 0.52991543 0.42176834 0.90281239
-0.00000000 -0.00000000 -0.00000000 1.00000000
72 72 73
0.14335180 -0.48349346 0.86353016 -0.81366914
0.66583370 0.69265880 0.27728915 -0.53497201
-0.73219926 0.53521758 0.42122013 0.90342099
-0.00000000 -0.00000000 -0.00000000 1.00000000
73 73 74
0.11665518 -0.49479717 0.86114304 -0.81848044
0.66923878 0.67981539 0.29995083 -0.54720137
-0.73383311 0.54131949 0.41044144 0.92373642
-0.00000000 -0.00000000 -0.00000000 1.00000000
74 74 75
0.12381154 -0.48529312 0.86554104 -0.80636334
0.67044398 0.68396075 0.28758053 -0.52883940
-0.73155695 0.54469099 0.41004408 0.92835089
-0.00000000 -0.00000000 -0.00000000 1.00000000
75 75 76
0.12116321 -0.48755801 0.86464251 -0.81243761
0.67137322 0.68185240 0.29040541 -0.53333558
-0.73114806 0.54531137 0.40994881 0.92967416
-0.00000000 -0.00000000 -0.00000000 1.00000000
76 76 77
0.09770904 -0.48117391 0.87116279 -0.81446869
0.67346116 0.67645386 0.29809436 -0.54289518
-0.73273666 0.55756779 0.39014760 0.94663531
-0.00000000 -0.00000000 -0.00000000 1.00000000
77 77 78
0.09944402 -0.47118569 0.87641026 -0.81834266
0.67272684 0.68081880 0.28969699 -0.54037746
-0.73317766 0.56077607 0.38468262 0.94098413
-0.00000000 -0.00000000 -0.00000000 1.00000000
78 78 79
0.09213915 -0.45626404 0.88506130 -0.81808162
0.66923430 0.68653330 0.28424898 -0.54962366
-0.73731664 0.56612292 0.36860414 0.94723158
-0.00000000 -0.00000000 -0.00000000 1.00000000
79 79 80
0.07025083 -0.43818696 0.89613448 -0.82190971
0.66707701 0.68856811 0.28439800 -0.55757640
-0.74166912 0.57781152 0.34067693 0.95464508
-0.00000000 -0.00000000 -0.00000000 1.00000000
80 80 81
0.06088505 -0.42523525 0.90303267 -0.82313861
0.66510445 0.69187947 0.28096062 -0.55895162
-0.74426412 0.58350475 0.32495097 0.94982119
-0.00000000 -0.00000000 -0.00000000 1.00000000
81 81 82
0.04558919 -0.41194213 0.91006885 -0.82605990
0.65591853 0.69946673 0.28375548 -0.56748144
-0.75345372 0.58399484 0.30208860 0.96853608
-0.00000000 -0.00000000 -0.00000000 1.00000000
82 82 83
0.03843407 -0.41088921 0.91087479 -0.82544572
0.64740309 0.70460263 0.29052432 -0.56882124
-0.76117807 0.57853712 0.29309169 0.96662942
-0.00000000 -0.00000000 -0.00000000 1.00000000
83 83 84
0.03011301 -0.40527076 0.91370062 -0.83066304
0.64151368 0.70884185 0.29326342 -0.56922810
-0.76652032 0.57732041 0.28133209 0.97024064
-0.00000000 -0.00000000 -0.00000000 1.00000000
84 84 85
0.01234723 -0.40229037 0.91542886 -0.84008691
0.63479917 0.71050214 0.30367205 -0.57658806
-0.77257851 0.57736398 0.26414633 0.98375671
-0.00000000 -0.00000000 -0.00000000 1.00000000
85 85 86
0.00262385 -0.40207346 0.91560365 -0.84522090
0.62961511 0.71200416 0.31086154 -0.58411382
-0.77690278 0.57566224 0.25501972 0.99845930
-0.00000000 -0.00000000 -0.00000000 1.00000000
86 86 87
-0.00944133 -0.40970491 0.91216926 -0.85469031
0.62982794 0.70608782 0.32366149 -0.58953277
-0.77667730 0.57756547 0.25137719 1.01266088
-0.00000000 -0.00000000 -0.00000000 1.00000000
87 87 88
-0.02150218 -0.41643989 0.90890895 -0.85814493
0.63438658 0.69697097 0.33434285 -0.59517316
-0.77271685 0.58378874 0.24919748 1.02029068
-0.00000000 -0.00000000 -0.00000000 1.00000000
88 88 89
-0.04081825 -0.41923808 0.90695827 -0.85880590
0.64082378 0.68545201 0.34568832 -0.60613886
-0.76660208 0.59531082 0.24067878 1.02731452
-0.00000000 -0.00000000 -0.00000000 1.00000000
89 89 90
-0.05851940 -0.41479176 0.90803264 -0.86829931
0.64554182 0.67810106 0.35136122 -0.61525427
-0.76147964 0.60673449 0.22808336 1.03542403
-0.00000000 -0.00000000 -0.00000000 1.00000000
90 90 91
-0.07750883 -0.41162719 0.90805035 -0.86817842
0.64651066 0.67258543 0.36007335 -0.62518352
-0.75895741 0.61497309 0.21399006 1.04029943
-0.00000000 -0.00000000 -0.00000000 1.00000000
91 91 92
-0.09826351 -0.41079368 0.90641758 -0.87514491
0.64808910 0.66478340 0.37154214 -0.63591838
-0.75519852 0.62394839 0.20090696 1.05184462
-0.00000000 -0.00000000 -0.00000000 1.00000000
92 92 93
-0.11464576 -0.41305075 0.90346302 -0.87441205
0.65374887 0.65339915 0.38168308 -0.64198464
-0.74797645 0.63439627 0.19512202 1.05943691
-0.00000000 -0.00000000 -0.00000000 1.00000000
93 93 94
-0.12776859 -0.41033401 0.90294030 -0.87315195
0.65819707 0.64595064 0.38668385 -0.64014752
-0.74192440 0.64371871 0.18754844 1.06411934
-0.00000000 -0.00000000 -0.00000000 1.00000000
94 94 95
-0.14967148 -0.41005897 0.89969444 -0.87902234
0.66222953 0.63411764 0.39918275 -0.64846700
-0.73420058 0.65555050 0.17664384 1.07473605
-0.00000000 -0.00000000 -0.00000000 1.00000000
95 95 96
-0.17005222 -0.40910085 0.89650362 -0.87761722
0.66375100 0.62487651 0.41105226 -0.64819180
-0.72836588 0.66495552 0.16527946 1.08130677
-0.00000000 -0.00000000 -0.00000000 1.00000000
96 96 97
-0.18853390 -0.41190744 0.89150840 -0.88348646
0.66306070 0.61625190 0.42495188 -0.65594280
-0.72443459 0.67124202 0.15693526 1.08453797
-0.00000000 -0.00000000 -0.00000000 1.00000000
97 97 98
-0.20741040 -0.41512554 0.88580569 -0.87991163
0.66194536 0.60715673 0.43953276 -0.66047002
-0.72028416 0.67751863 0.14885980 1.08916992
-0.00000000 -0.00000000 -0.00000000 1.00000000
98 98 99
-0.22875730 -0.42080223 0.87783574 -0.88817819
0.66074266 0.59510696 0.45745693 -0.66532169
-0.71490505 0.68467013 0.14190693 1.09320156
-0.00000000 -0.00000000 -0.00000000 1.00000000
99 99 100
-0.24354862 -0.42444157 0.87208567 -0.88956522
0.65839936 0.58788934 0.46999617 -0.66649963
-0.71217579 0.68864757 0.13627242 1.09510835
-0.00000000 -0.00000000 -0.00000000 1.00000000
100 100 101
-0.25968544 -0.43418679 0.86258060 -0.88983831
0.65403729 0.57809738 0.48789204 -0.67711412
-0.71049187 0.69085834 0.13385088 1.10018451
-0.00000000 -0.00000000 -0.00000000 1.00000000
101 101 102
-0.27400826 -0.44315318 0.85354246 -0.89354482
0.65270844 0.56612411 0.50346318 -0.67868981
-0.70632228 0.69506744 0.13412714 1.09533754
-0.00000000 -0.00000000 -0.00000000 1.00000000
102 102 103
-0.29306770 -0.44940212 0.84388924 -0.89170383
0.65209186 0.55153851 0.52017447 -0.68868889
-0.69920493 0.70273964 0.13141334 1.10075074
-0.00000000 -0.00000000 -0.00000000 1.00000000
103 103 104
-0.30614815 -0.45044031 0.83867564 -0.89583106
0.65587968 0.53872984 0.52876460 -0.69793272
-0.68999649 0.71195062 0.13050350 1.10124534
-0.00000000 -0.00000000 -0.00000000 1.00000000
104 104 105
-0.31795984 -0.44997060 0.83452262 -0.89385207
0.65982786 0.52704804 0.53558151 -0.71046935
-0.68082945 0.72093469 0.12932302 1.10056877
-0.00000000 -0.00000000 -0.00000000 1.00000000
105 105 106
-0.32834269 -0.44549205 0.83290330 -0.89300524
0.66184454 0.52061725 0.53936953 -0.71978189
-0.67390867 0.72835054 0.12390561 1.09859116
-0.00000000 -0.00000000 -0.00000000 1.00000000
106 106 107
-0.34185295 -0.44033079 0.83020802 -0.89308880
0.66209296 0.51408876 0.54529411 -0.72658344
-0.66691039 0.73608529 0.11579715 1.09866761
-0.00000000 -0.00000000 -0.00000000 1.00000000
107 107 108
-0.35696125 -0.43633982 0.82594566 -0.88748879
0.66602840 0.50107905 0.55256307 -0.73529212
-0.65496934 0.74734687 0.11174891 1.10144655
-0.00000000 -0.00000000 -0.00000000 1.00000000
108 108 109
-0.36684174 -0.43192558 0.82393412 -0.88488053
0.66849280 0.49353980 0.55635945 -0.74009362
-0.64695016 0.75488990 0.10768814 1.10212895
-0.00000000 -0.00000000 -0.00000000 1.00000000
109 109 110
-0.37754570 -0.42572389 0.82232500 -0.88293503
0.66818837 0.48956033 0.56022762 -0.74855842
-0.64107998 0.76097953 0.09963236 1.10418968
-0.00000000 -0.00000000 -0.00000000 1.00000000
110 110 111
-0.38641712 -0.42711693 0.81746739 -0.87612474
0.66670262 0.48309519 0.56756202 -0.75243772
-0.63732991 0.76432334 0.09808372 1.10663107
-0.00000000 -0.00000000 -0.00000000 1.00000000
111 111 112
-0.39699229 -0.43188271 0.80986075 -0.87204907
0.66777571 0.46942786 0.57767905 -0.75932618
-0.62966079 0.77013947 0.10204154 1.11500584
-0.00000000 -0.00000000 -0.00000000 1.00000000
112 112 113
-0.40289614 -0.44406889 0.80029840 -0.86728616
0.66680495 0.45654182 0.58901675 -0.76158202
-0.62693370 0.77095550 0.11216839 1.11677838
-0.00000000 -0.00000000 -0.00000000 1.00000000
113 113 114
-0.41123190 -0.45659986 0.78892641 -0.86397199
0.66282234 0.44435386 0.60267421 -0.76988320
-0.62574346 0.77075691 0.11991210 1.12295712
-0.00000000 -0.00000000 -0.00000000 1.00000000
114 114 115
-0.41443086 -0.46837602 0.78030185 -0.86085386
0.65853352 0.43745900 0.61234241 -0.77335535
-0.62815656 0.76762851 0.12714480 1.12185375
-0.00000000 -0.00000000 -0.00000000 1.00000000
115 115 116
-0.39685675 -0.47547251 0.78513095 -0.85313665
0.66787016 0.43718593 0.60234369 -0.74474202
-0.62964607 0.76340969 0.14405372 1.09292924
-0.00000000 -0.00000000 -0.00000000 1.00000000
116 116 117
-0.42347157 -0.47446958 0.77171915 -0.85394561
0.65803641 0.42437775 0.62200612 -0.79512748
-0.62262342 0.77122121 0.13250634 1.12517358
-0.00000000 -0.00000000 -0.00000000 1.00000000
117 117 118
-0.42762867 -0.47795199 0.76726503 -0.83791708
0.65482313 0.42135038 0.62743169 -0.79790745
-0.62316963 0.77073066 0.13279251 1.12340613
-0.00000000 -0.00000000 -0.00000000 1.00000000
118 118 119
-0.43208031 -0.47649577 0.76567512 -0.84575684
0.65783904 0.41423395 0.62901354 -0.81639863
-0.61689092 0.77547535 0.13447518 1.12756169
-0.00000000 -0.00000000 -0.00000000 1.00000000
119 119 120
-0.42521861 -0.48082139 0.76681154 -0.83558315
0.66117716 0.41355195 0.62595491 -0.81010877
-0.61808891 0.77316595 0.14205813 1.11974482
-0.00000000 -0.00000000 -0.00000000 1.00000000
120 120 121
-0.43401004 -0.48376829 0.76000232 -0.83950071
0.66009012 0.40335854 0.63370571 -0.82832823
-0.61312015 0.77670466 0.14426901 1.12704829
-0.00000000 -0.00000000 -0.00000000 1.00000000
121 121 122
-0.44205206 -0.48457295 0.75483708 -0.83302514
0.65899928 0.39545586 0.63979263 -0.83511019
-0.60853095 0.78025875 0.14452115 1.12619887
-0.00000000 -0.00000000 -0.00000000 1.00000000
122 122 123
-0.45186183 -0.48818415 0.74665730 -0.83076637
0.65084310 0.39200565 0.65018061 -0.84527407
-0.61010175 0.77974855 0.14059890 1.12381344
-0.00000000 -0.00000000 -0.00000000 1.00000000
123 123 124
-0.45985196 -0.48771560 0.74207120 -0.82721117
0.64614274 0.38945670 0.65637112 -0.85000228
-0.60912703 0.78131746 0.13604147 1.11803373
-0.00000000 -0.00000000 -0.00000000 1.00000000
124 124 125
-0.47170757 -0.49394739 0.73041628 -0.82139445
0.63477716 0.38471913 0.67011129 -0.86076708
-0.61200484 0.77974814 0.13207159 1.11741187
-0.00000000 -0.00000000 -0.00000000 1.00000000
125 125 126
-0.46615999 -0.50216899 0.72836885 -0.82607211
0.63334809 0.38541102 0.67106522 -0.86128678
-0.61770953 0.77413478 0.13838457 1.11066422
-0.00000000 -0.00000000 -0.00000000 1.00000000
126 126 127
-0.49715788 -0.50408482 0.70620998 -0.83014888
0.61603712 0.36809696 0.69642149 -0.87930450
-0.61100925 0.78128299 0.12753266 1.11683332
-0.00000000 -0.00000000 -0.00000000 1.00000000
127 127 128
-0.47500415 -0.51594590 0.71286106 -0.83425806
0.62088635 0.37756092 0.68698464 -0.87309027
-0.62359538 0.76892625 0.14100076 1.10190882
-0.00000000 -0.00000000 -0.00000000 1.00000000
128 128 129
-0.46989004 -0.52276892 0.71127772 -0.85141051
0.62085578 0.37706324 0.68728554 -0.88189660
-0.62748820 0.76454952 0.14738585 1.10324494
-0.00000000 -0.00000000 -0.00000000 1.00000000
129 129 130
-0.46673491 -0.52573676 0.71116762 -0.85819886
0.62508074 0.37275931 0.68580214 -0.87984473
-0.62564574 0.76462498 0.15464814 1.09711850
-0.00000000 -0.00000000 -0.00000000 1.00000000
130 130 131
-0.48498710 -0.52994143 0.69566486 -0.84393391
0.61636857 0.35717645 0.70179397 -0.88624567
-0.62038480 0.76914697 0.15341327 1.09491047
-0.00000000 -0.00000000 -0.00000000 1.00000000
131 131 132
-0.42689207 -0.54810869 0.71926353 -0.86421565
0.63745929 0.38175987 0.66925709 -0.85592250
-0.64141158 0.74420176 0.18642671 1.07095998
-0.00000000 -0.00000000 -0.00000000 1.00000000
132 132 133
-0.40470573 -0.56053599 0.72250445 -0.86818589
0.64239193 0.38803597 0.66087873 -0.85137384
-0.65080403 0.73159244 0.20304341 1.06209513
-0.00000000 -0.00000000 -0.00000000 1.00000000
133 133 134
-0.38489311 -0.56412389 0.73049403 -0.85871267
0.65011641 0.39609498 0.64842688 -0.83361225
-0.65513812 0.72448119 0.21429197 1.04919707
-0.00000000 -0.00000000 -0.00000000 1.00000000
134 134 135
-0.41013963 -0.56382963 0.71685538 -0.86558766
0.64247161 0.37925626 0.66587906 -0.85273569
-0.64731424 0.73366261 0.20669651 1.05585651
-0.00000000 -0.00000000 -0.00000000 1.00000000
135 135 136
-0.41343925 -0.56564254 0.71352400 -0.81927378
0.64008554 0.37677666 0.66957438 -0.83899971
-0.64757894 0.73354473 0.20628535 1.04330736
-0.00000000 -0.00000000 -0.00000000 1.00000000
136 136 137
-0.39871522 -0.57105415 0.71758158 -0.86151163
0.64740010 0.37893125 0.66127469 -0.84833261
-0.64953774 0.72822267 0.21861486 1.04302289
-0.00000000 -0.00000000 -0.00000000 1.00000000
137 137 138
-0.38657228 -0.57791741 0.71873037 -0.84325221
0.65264561 0.37920512 0.65593993 -0.83761766
-0.65162534 0.72264441 0.23058507 1.03077062
-0.00000000 -0.00000000 -0.00000000 1.00000000
138 138 139
-0.41961412 -0.57054680 0.70597474 -0.86593862
0.65034527 0.35360380 0.67232089 -0.86509530
-0.63322589 0.74124267 0.22267527 1.04553744
-0.00000000 -0.00000000 -0.00000000 1.00000000
139 139 140
-0.40223673 -0.57763639 0.71031107 -0.85931636
0.65464592 0.36091259 0.66421444 -0.84472036
-0.64003464 0.73217369 0.23297500 1.02235303
-0.00000000 -0.00000000 -0.00000000 1.00000000
140 140 141
-0.38177070 -0.58530272 0.71531242 -0.86263340
0.66209596 0.36681233 0.65351178 -0.84081417
-0.64488764 0.72309712 0.24748837 1.01521053
-0.00000000 -0.00000000 -0.00000000 1.00000000
141 141 142
-0.36832119 -0.59525091 0.71415394 -0.85889370
0.66290319 0.37043173 0.65064559 -0.82967894
-0.65184266 0.71306149 0.25815588 0.99903361
-0.00000000 -0.00000000 -0.00000000 1.00000000
142 142 143
-0.39218768 -0.59800681 0.69898260 -0.85227315
0.65510643 0.35186268 0.66860169 -0.85177274
-0.64577426 0.72012534 0.25376190 1.00973987
-0.00000000 -0.00000000 -0.00000000 1.00000000
143 143 144
-0.35457651 -0.61731577 0.70227968 -0.83963684
0.66287880 0.36375247 0.65442787 -0.83224097
-0.65944461 0.69757106 0.28022745 0.98751070
-0.00000000 -0.00000000 -0.00000000 1.00000000
144 144 145
-0.28627435 -0.63926544 0.71371332 -0.84740088
0.67738031 0.39178840 0.62262169 -0.79924115
-0.67764512 0.66169597 0.32086685 0.95421556
-0.00000000 -0.00000000 -0.00000000 1.00000000
145 145 146
-0.26425254 -0.64769566 0.71460544 -0.81127248
0.67663691 0.40348869 0.61592156 -0.78405815
-0.68726493 0.64628725 0.33163188 0.94033227
-0.00000000 -0.00000000 -0.00000000 1.00000000
146 146 147
-0.01676701 -0.66302293 0.74841129 -0.79754037
0.69146073 0.53298011 0.48766203 -0.67668596
-0.72221945 0.52567365 0.44951784 0.84390767
-0.00000000 -0.00000000 -0.00000000 1.00000000
147 147 148
-0.26327787 -0.66963939 0.69445507 -0.80432414
0.66674451 0.39395772 0.63265242 -0.80806261
-0.69723492 0.62958748 0.34275804 0.94380560
-0.00000000 -0.00000000 -0.00000000 1.00000000
148 148 149
-0.18466039 -0.68261440 0.70706302 -0.78189975
0.67975711 0.43088914 0.59351902 -0.77243169
-0.70981041 0.59023057 0.38444384 0.90615886
-0.00000000 -0.00000000 -0.00000000 1.00000000
149 149 150
-0.03655403 -0.67705583 0.73502327 -0.79254880
0.68661401 0.51740058 0.51074245 -0.70480027
-0.72610261 0.52334697 0.44596294 0.85269406
-0.00000000 -0.00000000 -0.00000000 1.00000000
150 150 151
-0.23976085 -0.67870851 0.69416820 -0.77814884
0.67248046 0.39959874 0.62296940 -0.80885186
-0.70020337 0.61617823 0.36061008 0.92911256
-0.00000000 -0.00000000 -0.00000000 1.00000000
151 151 152
-0.00011773 -0.68018313 0.73304222 -0.76226392
0.68852700 0.53155493 0.49333551 -0.69182430
-0.72521070 0.50477744 0.46826187 0.82906522
-0.00000000 -0.00000000 -0.00000000 1.00000000
152 152 153
-0.13364043 -0.68951781 0.71183244 -0.79406477
0.68160874 0.45746052 0.57108616 -0.77717035
-0.71940931 0.56151141 0.40884615 0.88860875
-0.00000000 -0.00000000 -0.00000000 1.00000000
153 153 154
-0.08996493 -0.69015821 0.71804454 -0.78606523
0.68325654 0.48178177 0.54867734 -0.74724455
-0.72461494 0.53997034 0.42821165 0.86106498
-0.00000000 -0.00000000 -0.00000000 1.00000000
154 154 155
-0.15700242 -0.69575888 0.70090643 -0.76301724
0.67424115 0.44306490 0.59084039 -0.78176217
-0.72162948 0.56534333 0.39954701 0.88258088
-0.00000000 -0.00000000 -0.00000000 1.00000000
155 155 156
-0.11873323 -0.69779235 0.70639101 -0.75639453
0.67336187 0.46624939 0.57375543 -0.74630843
-0.72971652 0.54378061 0.41450747 0.85519397
-0.00000000 -0.00000000 -0.00000000 1.00000000
156 156 157
-0.37221609 -0.68039593 0.63128168 -0.76745524
0.62242813 0.32155782 0.71357115 -0.86322606
-0.68850447 0.65853014 0.30380857 0.94740863
-0.00000000 -0.00000000 -0.00000000 1.00000000
157 157 158
-0.17616805 -0.70498227 0.68699695 -0.77544133
0.66161013 0.43196168 0.61292833 -0.77878309
-0.72885997 0.56250254 0.39032556 0.86813780
-0.00000000 -0.00000000 -0.00000000 1.00000000
158 158 159
-0.03159190 -0.69900926 0.71441445 -0.76722060
0.66995120 0.51562459 0.53413169 -0.70524601
-0.74173266 0.49549705 0.45201254 0.80861389
-0.00000000 -0.00000000 -0.00000000 1.00000000
159 159 160
-0.01467317 -0.70286751 0.71116943 -0.77598626
0.66285192 0.52566321 0.53320308 -0.71231293
-0.74860673 0.47922380 0.45818393 0.81378402
-0.00000000 -0.00000000 -0.00000000 1.00000000
160 160 161
0.07138618 -0.69750285 0.71301738 -0.76471546
0.65187307 0.57368162 0.49593438 -0.67326648
-0.75496060 0.42939397 0.49563626 0.78878064
-0.00000000 -0.00000000 -0.00000000 1.00000000
161 161 162
0.19259026 -0.67792670 0.70945358 -0.71341193
0.63260536 0.63846972 0.43836841 -0.62564316
-0.75014628 0.36437866 0.55182311 0.74623819
-0.00000000 -0.00000000 -0.00000000 1.00000000
162 162 163
0.51793318 -0.53751029 0.66545316 -0.60584593
0.52292371 0.81459311 0.25097580 -0.50240837
-0.67697563 0.21799254 0.70298168 0.64868675
-0.00000000 -0.00000000 -0.00000000 1.00000000
163 163 164
0.49950772 -0.55151158 0.66807710 -0.67144443
0.53049466 0.80440417 0.26741231 -0.52930208
-0.68488499 0.22083683 0.69438004 0.65422664
-0.00000000 -0.00000000 -0.00000000 1.00000000
164 164 165
0.46448138 -0.57310608 0.67513441 -0.66299145
0.54935380 0.78441618 0.28792647 -0.55431073
-0.69459877 0.23715117 0.67918471 0.67216104
-0.00000000 -0.00000000 -0.00000000 1.00000000
165 165 166
0.38858279 -0.61160387 0.68916190 -0.70420280
0.58515242 0.74155576 0.32816413 -0.58731910
-0.71175843 0.27574582 0.64603729 0.69843656
-0.00000000 -0.00000000 -0.00000000 1.00000000
166 166 167
0.26759528 -0.65685337 0.70493717 -0.72035891
0.61765118 0.67846819 0.39772847 -0.63779956
-0.73952673 0.32897501 0.58726114 0.74281398
-0.00000000 -0.00000000 -0.00000000 1.00000000
167 167 168
0.05080457 -0.71192682 0.70041352 -0.74869523
0.65638687 0.55237626 0.51384505 -0.73722771
-0.75271188 0.43363656 0.49536266 0.81851442
-0.00000000 -0.00000000 -0.00000000 1.00000000
168 168 169
0.16886219 -0.69266051 0.70121821 -0.72783910
0.64040151 0.61790919 0.45615144 -0.68898756
-0.74924727 0.37203447 0.54792234 0.77353535
-0.00000000 -0.00000000 -0.00000000 1.00000000
169 169 170
0.20263710 -0.68714790 0.69768616 -0.71725984
0.63820513 0.63304384 0.43812065 -0.67532289
-0.74271961 0.35648739 0.56681948 0.76674236
-0.00000000 -0.00000000 -0.00000000 1.00000000
170 170 171
0.34769172 -0.63430809 0.69048078 -0.65163152
0.60452813 0.71457588 0.35203274 -0.60400222
-0.71669813 0.29501618 0.63190920 0.72556606
-0.00000000 -0.00000000 -0.00000000 1.00000000
171 171 172
0.40517083 -0.63642646 0.65635201 -0.63257222
0.58262168 0.73299911 0.35109013 -0.62070595
-0.70454849 0.24015343 0.66778571 0.70954911
-0.00000000 -0.00000000 -0.00000000 1.00000000
172 172 173
0.60700688 -0.52077399 0.60028085 -0.56580672
0.49119901 0.83965472 0.23174012 -0.54172349
-0.62471287 0.15418951 0.76547986 0.65250903
-0.00000000 -0.00000000 -0.00000000 1.00000000
173 173 174
0.61146164 -0.52768966 0.58962554 -0.58798748
0.48849879 0.83794741 0.24333735 -0.56320141
-0.62248180 0.13923991 0.77014846 0.64934798
-0.00000000 -0.00000000 -0.00000000 1.00000000
174 174 175
0.61119933 -0.53138070 0.58657474 -0.53121654
0.49324661 0.83532593 0.24277227 -0.57064827
-0.61898559 0.14094375 0.77265238 0.66176703
-0.00000000 -0.00000000 -0.00000000 1.00000000
175 175 176
0.75137706 -0.42104706 0.50808649 -0.48538021
0.39204915 0.90419075 0.16951861 -0.51951039
-0.53078241 0.07182248 0.84445933 0.61392200
-0.00000000 -0.00000000 -0.00000000 1.00000000
176 176 177
0.80565543 -0.34795155 0.47942575 -0.46362575
0.32931294 0.93580570 0.12578024 -0.50594616
-0.49241478 0.05654557 0.86852189 0.60818183
-0.00000000 -0.00000000 -0.00000000 1.00000000
177 177 178
0.87727196 -0.24392052 0.41339652 -0.39293353
0.23033808 0.96954170 0.08326624 -0.48870114
-0.42111551 0.02217382 0.90673593 0.59041364
-0.00000000 -0.00000000 -0.00000000 1.00000000
178 178 179
0.86240123 -0.26932869 0.42863293 -0.40771881
0.25277950 0.96271658 0.09632914 -0.49842756
-0.43859623 0.02527525 0.89832873 0.60120232
-0.00000000 -0.00000000 -0.00000000 1.00000000
179 179 180
0.94244915 -0.11699779 0.31321097 -0.32297939
0.10850900 0.99310061 0.04446319 -0.46583886
-0.31625210 -0.00791809 0.94864214 0.56521770
0.00000000 -0.00000000 -0.00000000 1.00000000
180 180 181
0.91250775 -0.17374151 0.37032891 -0.35698138
0.16052528 0.98479054 0.06647721 -0.49807860
-0.37624626 -0.00121382 0.92651890 0.59386790
0.00000000 -0.00000000 -0.00000000 1.00000000
181 181 182
0.89310686 -0.20390946 0.40097515 -0.38999829
0.18498210 0.97898660 0.08583038 -0.51299854
-0.41005093 -0.00248248 0.91205925 0.60835679
0.00000000 -0.00000000 -0.00000000 1.00000000
182 182 183
0.83130137 -0.28379199 0.47791227 -0.39941648
0.25845710 0.95858413 0.11965117 -0.51735156
-0.49207516 0.02405364 0.87022035 0.62143960
-0.00000000 -0.00000000 -0.00000000 1.00000000
183 183 184
0.87730033 -0.23921399 0.41607787 -0.42897715
0.22356773 0.97081962 0.08675681 -0.45725585
-0.42469000 0.01690981 0.90518090 0.55231973
-0.00000000 -0.00000000 -0.00000000 1.00000000
184 184 185
0.85510278 -0.28518088 0.43297934 -0.40145735
0.26669080 0.95811478 0.10436519 -0.51309483
-0.44460686 0.02622864 0.89534172 0.59305550
-0.00000000 -0.00000000 -0.00000000 1.00000000
185 185 186
0.79698733 -0.35115701 0.49142644 -0.42527318
0.32242113 0.93535129 0.14547365 -0.52366790
-0.51074045 0.04250561 0.85868357 0.60668234
-0.00000000 -0.00000000 -0.00000000 1.00000000
186 186 187
0.67484717 -0.46875566 0.56995563 -0.50752646
0.42674426 0.87799645 0.21682153 -0.55117248
-0.60205534 0.09690389 0.79255221 0.63946466
-0.00000000 -0.00000000 -0.00000000 1.00000000
187 187 188
0.60976071 -0.52949674 0.58976697 -0.51068275
0.49329420 0.83595295 0.24050676 -0.55609263
-0.62036498 0.14427705 0.77092894 0.64703405
-0.00000000 -0.00000000 -0.00000000 1.00000000
188 188 189
0.63904215 -0.52448348 0.56262083 -0.51190867
0.48701466 0.84206648 0.23182054 -0.53925107
-0.59535019 0.12586149 0.79354712 0.61573774
-0.00000000 -0.00000000 -0.00000000 1.00000000
189 189 190
0.66891840 -0.49157965 0.55758194 -0.48309307
0.45755217 0.86345837 0.21233380 -0.53877650
-0.58582777 0.11308884 0.80250653 0.62624792
-0.00000000 -0.00000000 -0.00000000 1.00000000
190 190 191
0.59250067 -0.55442842 0.58442458 -0.54112321
0.51261009 0.81913258 0.25739602 -0.55587913
-0.62142888 0.14707463 0.76954220 0.63157136
-0.00000000 -0.00000000 -0.00000000 1.00000000
191 191 192
0.71142221 -0.45947792 0.53175039 -0.46348525
0.42988008 0.88310716 0.18794909 -0.53039925
-0.55595104 0.09487774 0.82578245 0.61171518
-0.00000000 -0.00000000 -0.00000000 1.00000000
192 192 193
0.84345826 -0.31429013 0.43566028 -0.37154788
0.29692158 0.94860509 0.10948040 -0.50480280
-0.44767817 0.03701479 0.89342832 0.58957283
-0.00000000 -0.00000000 -0.00000000 1.00000000
193 193 194
0.86189723 -0.28926826 0.41648174 -0.36039733
0.26680274 0.95714527 0.11264649 -0.52148034
-0.43121858 0.01402877 0.90213842 0.59287542
-0.00000000 -0.00000000 -0.00000000 1.00000000
194 194 195
0.88834082 -0.24559554 0.38798637 -0.37160740
0.23448191 0.96910048 0.07656688 -0.48753401
-0.39480226 0.02295830 0.91847923 0.57140937
-0.00000000 -0.00000000 -0.00000000 1.00000000
195 195 196
0.84814003 -0.30995119 0.42963793 -0.38275551
0.28985383 0.95032950 0.11339577 -0.51784369
-0.44344476 0.02835671 0.89585303 0.59438511
-0.00000000 -0.00000000 -0.00000000 1.00000000
196 196 197
0.74769881 -0.41904775 0.51511694 -0.45083173
0.38267003 0.90588424 0.18148661 -0.55098948
-0.54268788 0.06142250 0.83768559 0.63289737
-0.00000000 -0.00000000 -0.00000000 1.00000000
197 197 198
0.64219489 -0.51600203 0.56685768 -0.50713184
0.46681662 0.84982008 0.24472040 -0.57224067
-0.60800326 0.10746039 0.78662844 0.65492857
-0.00000000 -0.00000000 -0.00000000 1.00000000
198 198 199
0.76191817 -0.40110445 0.50852328 -0.40373860
0.37004961 0.91397596 0.16646692 -0.52871922
-0.53154868 0.06134467 0.84480343 0.63989151
-0.00000000 -0.00000000 -0.00000000 1.00000000
199 199 200
0.80682404 -0.35794357 0.47001210 -0.38116531
0.31869863 0.93357819 0.16389918 -0.54261508
-0.49745970 0.01755442 0.86730945 0.63879129
-0.00000000 -0.00000000 -0.00000000 1.00000000
200 200 201
0.88516664 -0.23925599 0.39904461 -0.36876366
0.21142316 0.97082886 0.11309986 -0.49515451
-0.41446384 -0.01574495 0.90992957 0.59758322
0.00000000 -0.00000000 -0.00000000 1.00000000
201 201 202
0.84840206 -0.31050207 0.42872183 -0.39199441
0.26682679 0.95032814 0.16024948 -0.52005997
-0.45718421 -0.02156152 0.88911062 0.60891464
0.00000000 -0.00000000 -0.00000000 1.00000000
202 202 203
0.74768831 -0.43730485 0.49972659 -0.41219641
0.36743697 0.89929151 0.23720214 -0.58250526
-0.55312952 0.00626476 0.83307172 0.66022168
-0.00000000 -0.00000000 -0.00000000 1.00000000
203 203 204
0.72879715 -0.46808133 0.49975453 -0.42445304
0.40147258 0.88334995 0.24189385 -0.56171258
-0.55468413 0.02434619 0.83170474 0.63511908
-0.00000000 -0.00000000 -0.00000000 1.00000000
204 204 205
0.77350282 -0.41921646 0.47534298 -0.38742795
0.36309671 0.90782759 0.20978523 -0.54701245
-0.51947490 0.01032600 0.85442332 0.63204337
-0.00000000 -0.00000000 -0.00000000 1.00000000
205 205 206
0.83607013 -0.33379612 0.43539280 -0.35525415
0.29249235 0.94261736 0.16099922 -0.52203464
-0.46414972 -0.00725758 0.88572703 0.62372052
0.00000000 -0.00000000 -0.00000000 1.00000000
206 206 207
0.81141140 -0.36864480 0.45355546 -0.38699619
