0	0	1
   1    0    0    2
   0    1    0    2
   0    0    1 -0.3
   0    0    0    1
1	1	2
    0.999988 3.08668e-005    0.0049181      1.99962
-8.84184e-005     0.999932    0.0117022      1.97704
  -0.0049174   -0.0117024     0.999919    -0.300486
           0            0            0            1
2	2	3
    0.999954 -7.8978e-005    0.0096394      1.99935
-0.000149351      0.99972    0.0236841      1.95353
 -0.00963857   -0.0236844     0.999673    -0.301586
           0            0            0            1
3	3	4
    0.999901 -0.000141949    0.0141312      1.99922
-0.000364297     0.999359    0.0358157      1.92981
  -0.0141273   -0.0358172     0.999259    -0.303173
           0            0            0            1
4	4	5
   0.999853 -0.00039972   0.0171503     2.00124
-0.000434556    0.998818   0.0486137     1.90487
 -0.0171495   -0.048614    0.998671   -0.305411
          0           0           0           1
