0 0 1
-0.2739592186924325 0.021819345900466677 -0.9614937663021573 -0.31057997014702826
8.33962904204855e-19 -0.9997426093226981 -0.02268733357278151 0.5730122438481298
-0.9617413095492113 -0.006215404179813816 0.27388870414358013 2.1264800183565487
0.0 0.0 0.0 1.0
1 1 2
-0.2693331107603073 0.03329392381977483 -0.9624713970216773 -0.31035872146799454
0.0 -0.9994022291201125 -0.03457143950937459 0.5963093994288613
-0.9630470785211782 -0.009311233346521649 0.2691721112697053 2.126036136362892
0.0 0.0 0.0 1.0
2 2 3
-0.26535185454036697 0.04522708142999141 -0.9630902888085378 -0.3097373196756845
1.6706953334814538e-18 -0.9988991819470762 -0.046908680491589354 0.6204495589484211
-0.9641516443443884 -0.012447305362484767 0.2650597504285121 2.1247894438735306
0.0 0.0 0.0 1.0
3 3 4
-0.26191432336350456 0.05754242767335147 -0.9633741517367459 -0.30877928113728503
3.342375514333952e-18 -0.9982209169870638 -0.059623828202369 0.6452989122577889
-0.9650911289702323 -0.015616334619965316 0.26144835603996386 2.1228673711258783
0.0 0.0 0.0 1.0
4 4 5
-0.25891864210855486 0.07016430847656362 -0.9633473447229031 -0.3075481222199825
0.0 -0.9973581204953467 -0.07264144465791822 0.6707236492079441
-0.9658991338481789 -0.01880822421163192 0.2582346102545956 2.1203973483573484
0.0 0.0 0.0 1.0
